isweep,gm,i_id,id,i_cgg,cgg,i_cgs,cgs,i_cgd,cgd,i_cds,cds,i_css,css,i_cdd,cdd,i_gds,gds,i_vth,vth,i_vdsat,vdsat,i_vgs,vgs,i_vds,vds,i_rds,rds,i_wt,wt,i_ft,ft,i_gm_id,gm_id,w,l,pdk
1.00000000e-09,2.74730321e-08,1.00000000e-09,9.99998840e-10,1.00000000e-09,1.12090814e-16,1.00000000e-09,4.90924322e-18,1.00000000e-09,7.36051836e-19,1.00000000e-09,-1.83906717e-18,1.00000000e-09,3.62405658e-18,1.00000000e-09,5.48215169e-19,1.00000000e-09,5.98566708e-09,1.00000000e-09,2.16913090e-01,1.00000000e-09,-6.38884532e-02,1.00000000e-09,5.80824869e-02,1.00000000e-09,5.80824869e-02,1.00000000e-09,1.67065757e+08,1.00000000e-09,2.45096196e+08,1.00000000e-09,3.90082712e+07,1.00000000e-09,2.74730640e+01,1.00,.500u,ihp-sg13g2
1.50000000e-09,4.11592617e-08,1.50000000e-09,1.50000209e-09,1.50000000e-09,1.13148807e-16,1.50000000e-09,6.90232941e-18,1.50000000e-09,6.76321837e-19,1.50000000e-09,-2.60357214e-18,1.50000000e-09,5.09995036e-18,1.50000000e-09,5.04539498e-19,1.50000000e-09,5.72405479e-09,1.50000000e-09,2.16912991e-01,1.50000000e-09,-5.13913033e-02,1.50000000e-09,7.06503220e-02,1.50000000e-09,7.06503220e-02,1.50000000e-09,1.74701333e+08,1.50000000e-09,3.63762224e+08,1.50000000e-09,5.78945561e+07,1.50000000e-09,2.74394695e+01,1.00,.500u,ihp-sg13g2
2.00000000e-09,5.48303054e-08,2.00000000e-09,2.00134925e-09,2.00000000e-09,1.14381702e-16,2.00000000e-09,8.88847188e-18,2.00000000e-09,6.34442228e-19,2.00000000e-09,-3.36622772e-18,2.00000000e-09,6.56906757e-18,2.00000000e-09,4.73735716e-19,2.00000000e-09,5.60058075e-09,2.00000000e-09,2.16912933e-01,2.00000000e-09,-4.20678781e-02,2.00000000e-09,8.00448560e-02,2.00000000e-09,8.00448560e-02,2.00000000e-09,1.78552912e+08,2.00000000e-09,4.79362560e+08,2.00000000e-09,7.62929209e+07,2.00000000e-09,2.73966703e+01,1.00,.500u,ihp-sg13g2
2.50000000e-09,6.83900653e-08,2.50000000e-09,2.50064275e-09,2.50000000e-09,1.15700218e-16,2.50000000e-09,1.08458971e-17,2.50000000e-09,6.05082086e-19,2.50000000e-09,-4.11766453e-18,2.50000000e-09,8.01620912e-18,2.50000000e-09,4.52123639e-19,2.50000000e-09,5.57382654e-09,2.50000000e-09,2.16912895e-01,2.50000000e-09,-3.46829526e-02,2.50000000e-09,8.75006050e-02,2.50000000e-09,8.75006050e-02,2.50000000e-09,1.79409961e+08,2.50000000e-09,5.91097116e+08,2.50000000e-09,9.40760279e+07,2.50000000e-09,2.73489947e+01,1.00,.500u,ihp-sg13g2
3.00000000e-09,8.19044258e-08,3.00000000e-09,3.00035774e-09,3.00000000e-09,1.17071152e-16,3.00000000e-09,1.27812466e-17,3.00000000e-09,5.84567018e-19,3.00000000e-09,-4.86020822e-18,3.00000000e-09,9.44660897e-18,3.00000000e-09,4.37052562e-19,3.00000000e-09,5.61668421e-09,3.00000000e-09,2.16912867e-01,3.00000000e-09,-2.85501223e-02,3.00000000e-09,9.37042172e-02,3.00000000e-09,9.37042172e-02,3.00000000e-09,1.78040987e+08,3.00000000e-09,6.99612364e+08,3.00000000e-09,1.11346766e+08,3.00000000e-09,2.72982200e+01,1.00,.500u,ihp-sg13g2
3.50000000e-09,9.53651392e-08,3.50000000e-09,3.50021741e-09,3.50000000e-09,1.18472050e-16,3.50000000e-09,1.46924098e-17,3.50000000e-09,5.70585812e-19,3.50000000e-09,-5.59308488e-18,3.50000000e-09,1.08587857e-17,3.50000000e-09,4.26829510e-19,3.50000000e-09,5.71123206e-09,3.50000000e-09,2.16912845e-01,3.50000000e-09,-2.33108645e-02,3.50000000e-09,9.90141213e-02,3.50000000e-09,9.90141213e-02,3.50000000e-09,1.75093568e+08,3.50000000e-09,8.04958969e+08,3.50000000e-09,1.28113199e+08,3.50000000e-09,2.72454902e+01,1.00,.500u,ihp-sg13g2
4.00000000e-09,1.08769836e-07,4.00000000e-09,4.00014089e-09,4.00000000e-09,1.19889564e-16,4.00000000e-09,1.65790123e-17,4.00000000e-09,5.61515940e-19,4.00000000e-09,-6.31626384e-18,4.00000000e-09,1.22524526e-17,4.00000000e-09,4.20256687e-19,4.00000000e-09,5.84485337e-09,4.00000000e-09,2.16912828e-01,4.00000000e-09,-1.87397675e-02,4.00000000e-09,1.03655690e-01,4.00000000e-09,1.03655690e-01,4.00000000e-09,1.71090691e+08,4.00000000e-09,9.07250244e+08,4.00000000e-09,1.44393361e+08,4.00000000e-09,2.71915013e+01,1.00,.500u,ihp-sg13g2
4.50000000e-09,1.22117772e-07,4.50000000e-09,4.50009582e-09,4.50000000e-09,1.21315210e-16,4.50000000e-09,1.84412973e-17,4.50000000e-09,5.56200075e-19,4.50000000e-09,-7.02996220e-18,4.50000000e-09,1.36277526e-17,4.50000000e-09,4.16476317e-19,4.50000000e-09,6.00850944e-09,4.50000000e-09,2.16912813e-01,4.50000000e-09,-1.46866243e-02,4.50000000e-09,1.07779110e-01,4.50000000e-09,1.07779110e-01,4.50000000e-09,1.66430628e+08,4.50000000e-09,1.00661551e+09,4.50000000e-09,1.60207835e+08,4.50000000e-09,2.71367049e+01,1.00,.500u,ihp-sg13g2
5.00000000e-09,1.35408872e-07,5.00000000e-09,5.00006760e-09,5.00000000e-09,1.22743345e-16,5.00000000e-09,2.02797628e-17,5.00000000e-09,5.53798192e-19,5.00000000e-09,-7.73448307e-18,5.00000000e-09,1.49850132e-17,5.00000000e-09,4.14864455e-19,5.00000000e-09,6.19561024e-09,5.00000000e-09,2.16912801e-01,5.00000000e-09,-1.10465008e-02,5.00000000e-09,1.11489308e-01,5.00000000e-09,1.11489308e-01,5.00000000e-09,1.61404601e+08,5.00000000e-09,1.10318708e+09,5.00000000e-09,1.75577677e+08,5.00000000e-09,2.70814083e+01,1.00,.500u,ihp-sg13g2
5.50000000e-09,1.48643377e-07,5.50000000e-09,5.50004907e-09,5.50000000e-09,1.24170087e-16,5.50000000e-09,2.20950058e-17,5.50000000e-09,5.53690161e-19,5.50000000e-09,-8.43015014e-18,5.50000000e-09,1.63246408e-17,5.50000000e-09,4.14959938e-19,5.50000000e-09,6.40126899e-09,5.50000000e-09,2.16912791e-01,5.50000000e-09,-7.74327548e-03,5.50000000e-09,1.14862402e-01,5.50000000e-09,1.14862402e-01,5.50000000e-09,1.56219025e+08,5.50000000e-09,1.19709489e+09,5.50000000e-09,1.90523569e+08,5.50000000e-09,2.70258274e+01,1.00,.500u,ihp-sg13g2
6.00000000e-09,1.61821695e-07,6.00000000e-09,6.00003641e-09,6.00000000e-09,1.25592699e-16,6.00000000e-09,2.38876524e-17,6.00000000e-09,5.55410762e-19,6.00000000e-09,-9.11728077e-18,6.00000000e-09,1.76470705e-17,6.00000000e-09,4.16416582e-19,6.00000000e-09,6.62180334e-09,6.00000000e-09,2.16912782e-01,6.00000000e-09,-4.72001192e-03,6.00000000e-09,1.17955328e-01,6.00000000e-09,1.17955328e-01,6.00000000e-09,1.51016264e+08,6.00000000e-09,1.28846419e+09,6.00000000e-09,2.05065444e+08,6.00000000e-09,2.69701188e+01,1.00,.500u,ihp-sg13g2
6.50000000e-09,1.75476828e-07,6.50000000e-09,6.52036126e-09,6.50000000e-09,1.27066667e-16,6.50000000e-09,2.57298783e-17,6.50000000e-09,5.58762674e-19,6.50000000e-09,-9.82361477e-18,6.50000000e-09,1.90054931e-17,6.50000000e-09,4.19094669e-19,6.50000000e-09,6.86407772e-09,6.50000000e-09,2.16912774e-01,6.50000000e-09,-1.82416966e-03,6.50000000e-09,1.20923449e-01,6.50000000e-09,1.20923449e-01,6.50000000e-09,1.45685996e+08,6.50000000e-09,1.38098237e+09,6.50000000e-09,2.19790171e+08,6.50000000e-09,2.69121328e+01,1.00,.500u,ihp-sg13g2
7.00000000e-09,1.88459744e-07,7.00000000e-09,7.01719676e-09,7.00000000e-09,1.28466445e-16,7.00000000e-09,2.74673448e-17,7.00000000e-09,5.63171036e-19,7.00000000e-09,-1.04900248e-17,7.00000000e-09,2.02860944e-17,7.00000000e-09,4.22550867e-19,7.00000000e-09,7.10534717e-09,7.00000000e-09,2.16912767e-01,7.00000000e-09,7.37452743e-04,7.00000000e-09,1.23553884e-01,7.00000000e-09,1.23553884e-01,7.00000000e-09,1.40739077e+08,7.00000000e-09,1.46699587e+09,7.00000000e-09,2.33479644e+08,7.00000000e-09,2.68568420e+01,1.00,.500u,ihp-sg13g2
7.50000000e-09,2.01444163e-07,7.50000000e-09,7.51616493e-09,7.50000000e-09,1.29863662e-16,7.50000000e-09,2.91916198e-17,7.50000000e-09,5.68572200e-19,7.50000000e-09,-1.11516550e-17,7.50000000e-09,2.15563954e-17,7.50000000e-09,4.26746818e-19,7.50000000e-09,7.35570464e-09,7.50000000e-09,2.16912760e-01,7.50000000e-09,3.13728704e-03,7.50000000e-09,1.26022628e-01,7.50000000e-09,1.26022628e-01,7.50000000e-09,1.35948906e+08,7.50000000e-09,1.55119732e+09,7.50000000e-09,2.46880720e+08,7.50000000e-09,2.68014559e+01,1.00,.500u,ihp-sg13g2
8.00000000e-09,2.14374756e-07,8.00000000e-09,8.01512931e-09,8.00000000e-09,1.31251519e-16,8.00000000e-09,3.08957354e-17,8.00000000e-09,5.74782533e-19,8.00000000e-09,-1.18058628e-17,8.00000000e-09,2.28112565e-17,8.00000000e-09,4.31545106e-19,8.00000000e-09,7.61278655e-09,8.00000000e-09,2.16912755e-01,8.00000000e-09,5.38577634e-03,8.00000000e-09,1.28339832e-01,8.00000000e-09,1.28339832e-01,8.00000000e-09,1.31357945e+08,8.00000000e-09,1.63331257e+09,8.00000000e-09,2.59949770e+08,8.00000000e-09,2.67462629e+01,1.00,.500u,ihp-sg13g2
8.50000000e-09,2.27255546e-07,8.50000000e-09,8.51422201e-09,8.50000000e-09,1.32629818e-16,8.50000000e-09,3.25806557e-17,8.50000000e-09,5.81670198e-19,8.50000000e-09,-1.24530413e-17,8.50000000e-09,2.40513890e-17,8.50000000e-09,4.36847687e-19,8.50000000e-09,7.87558097e-09,8.50000000e-09,2.16912750e-01,8.50000000e-09,7.50144513e-03,8.50000000e-09,1.30524042e-01,8.50000000e-09,1.30524042e-01,8.50000000e-09,1.26974760e+08,8.50000000e-09,1.71345742e+09,8.50000000e-09,2.72705218e+08,8.50000000e-09,2.66912874e+01,1.00,.500u,ihp-sg13g2
9.00000000e-09,2.40086349e-07,9.00000000e-09,9.01341316e-09,9.00000000e-09,1.33998060e-16,9.00000000e-09,3.42467611e-17,9.00000000e-09,5.89127013e-19,9.00000000e-09,-1.30933538e-17,9.00000000e-09,2.52770764e-17,9.00000000e-09,4.42574086e-19,9.00000000e-09,8.14319638e-09,9.00000000e-09,2.16912745e-01,9.00000000e-09,9.49905144e-03,9.00000000e-09,1.32590015e-01,9.00000000e-09,1.32590015e-01,9.00000000e-09,1.22801901e+08,9.00000000e-09,1.79171511e+09,9.00000000e-09,2.85160317e+08,9.00000000e-09,2.66365632e+01,1.00,.500u,ihp-sg13g2
9.50000000e-09,2.52867383e-07,9.50000000e-09,9.51268823e-09,9.50000000e-09,1.35355903e-16,9.50000000e-09,3.58944626e-17,9.50000000e-09,5.97064728e-19,9.50000000e-09,-1.37269709e-17,9.50000000e-09,2.64886272e-17,9.50000000e-09,4.48658675e-19,9.50000000e-09,8.41490631e-09,9.50000000e-09,2.16912740e-01,9.50000000e-09,1.13910729e-02,9.50000000e-09,1.34550230e-01,9.50000000e-09,1.34550230e-01,9.50000000e-09,1.18836736e+08,9.50000000e-09,1.86816665e+09,9.50000000e-09,2.97327956e+08,9.50000000e-09,2.65821161e+01,1.00,.500u,ihp-sg13g2
1.00000000e-08,2.65292586e-07,1.00000000e-08,9.99999648e-09,1.00000000e-08,1.36670752e-16,1.00000000e-08,3.74850802e-17,1.00000000e-08,6.05205156e-19,1.00000000e-08,-1.43390133e-17,1.00000000e-08,2.76576292e-17,1.00000000e-08,4.54890198e-19,1.00000000e-08,8.68343825e-09,1.00000000e-08,2.16912736e-01,1.00000000e-08,1.31458377e-02,1.00000000e-08,1.36371380e-01,1.00000000e-08,1.36371380e-01,1.00000000e-08,1.15161756e+08,1.00000000e-08,1.94110724e+09,1.00000000e-08,3.08936813e+08,1.00000000e-08,2.65292679e+01,1.00,.500u,ihp-sg13g2
1.50000000e-08,3.91375969e-07,1.50000000e-08,1.50526493e-08,1.50000000e-08,1.49684991e-16,1.50000000e-08,5.30407116e-17,1.50000000e-08,7.02701771e-19,1.50000000e-08,-2.03470771e-17,1.50000000e-08,3.90586052e-17,1.50000000e-08,5.29279284e-19,1.50000000e-08,1.15805449e-08,1.50000000e-08,2.16912707e-01,1.50000000e-08,2.75620211e-02,1.50000000e-08,1.51466348e-01,1.50000000e-08,1.51466348e-01,1.50000000e-08,8.63517227e+07,1.50000000e-08,2.61466408e+09,1.50000000e-08,4.16136714e+08,1.50000000e-08,2.60004708e+01,1.00,.500u,ihp-sg13g2
2.00000000e-08,5.10713274e-07,2.00000000e-08,2.00152047e-08,2.00000000e-08,1.61415164e-16,2.00000000e-08,6.68740796e-17,2.00000000e-08,8.07514158e-19,2.00000000e-08,-2.57293018e-17,2.00000000e-08,4.91467878e-17,2.00000000e-08,6.09175761e-19,2.00000000e-08,1.45057060e-08,2.00000000e-08,2.16912689e-01,2.00000000e-08,3.76581685e-02,2.00000000e-08,1.62213884e-01,2.00000000e-08,1.62213884e-01,2.00000000e-08,6.89383886e+07,2.00000000e-08,3.16397332e+09,2.00000000e-08,5.03561994e+08,2.00000000e-08,2.55162654e+01,1.00,.500u,ihp-sg13g2
2.50000000e-08,6.26723042e-07,2.50000000e-08,2.50065970e-08,2.50000000e-08,1.72274378e-16,2.50000000e-08,7.95841376e-17,2.50000000e-08,9.14207704e-19,2.50000000e-08,-3.07106206e-17,2.50000000e-08,5.83720757e-17,2.50000000e-08,6.90604144e-19,2.50000000e-08,1.74586488e-08,2.50000000e-08,2.16912676e-01,2.50000000e-08,4.55781589e-02,2.50000000e-08,1.70775499e-01,2.50000000e-08,1.70775499e-01,2.50000000e-08,5.72782012e+07,2.50000000e-08,3.63793531e+09,2.50000000e-08,5.78995387e+08,2.50000000e-08,2.50623083e+01,1.00,.500u,ihp-sg13g2
3.00000000e-08,7.39216946e-07,3.00000000e-08,3.00033360e-08,3.00000000e-08,1.82316485e-16,3.00000000e-08,9.12790944e-17,3.00000000e-08,1.01990036e-18,3.00000000e-08,-3.53262718e-17,3.00000000e-08,6.68227887e-17,3.00000000e-08,7.71415907e-19,3.00000000e-08,2.04025069e-08,3.00000000e-08,2.16912666e-01,3.00000000e-08,5.20802150e-02,3.00000000e-08,1.77907526e-01,3.00000000e-08,1.77907526e-01,3.00000000e-08,4.90135848e+07,3.00000000e-08,4.05458095e+09,3.00000000e-08,6.45306600e+08,3.00000000e-08,2.46378251e+01,1.00,.500u,ihp-sg13g2
3.50000000e-08,8.48446049e-07,3.50000000e-08,3.50018878e-08,3.50000000e-08,1.91633444e-16,3.50000000e-08,1.02090034e-16,3.50000000e-08,1.12367369e-18,3.50000000e-08,-3.96212900e-17,3.50000000e-08,7.46020543e-17,3.50000000e-08,8.50921363e-19,3.50000000e-08,2.33259741e-08,3.50000000e-08,2.16912658e-01,3.50000000e-08,5.75970205e-02,3.50000000e-08,1.84043172e-01,3.50000000e-08,1.84043173e-01,3.50000000e-08,4.28706640e+07,3.50000000e-08,4.42744246e+09,3.50000000e-08,7.04649354e+08,3.50000000e-08,2.42400082e+01,1.00,.500u,ihp-sg13g2
4.00000000e-08,9.54672903e-07,4.00000000e-08,4.00011577e-08,4.00000000e-08,2.00308533e-16,4.00000000e-08,1.12127692e-16,4.00000000e-08,1.22522227e-18,4.00000000e-08,-4.36338812e-17,4.00000000e-08,8.17965228e-17,4.00000000e-08,9.28883924e-19,4.00000000e-08,2.62245422e-08,4.00000000e-08,2.16912652e-01,4.00000000e-08,6.23903017e-02,4.00000000e-08,1.89444837e-01,4.00000000e-08,1.89444837e-01,4.00000000e-08,3.81322195e+07,4.00000000e-08,4.76601215e+09,4.00000000e-08,7.58534393e+08,4.00000000e-08,2.38661318e+01,1.00,.500u,ihp-sg13g2
4.50000000e-08,1.05813711e-06,4.50000000e-08,4.50007536e-08,4.50000000e-08,2.08413610e-16,4.50000000e-08,1.21484212e-16,4.50000000e-08,1.32448240e-18,4.50000000e-08,-4.73959609e-17,4.50000000e-08,8.84780137e-17,4.50000000e-08,1.00524584e-18,4.50000000e-08,2.90964754e-08,4.50000000e-08,2.16912646e-01,4.50000000e-08,6.66298491e-02,4.50000000e-08,1.94282950e-01,4.50000000e-08,1.94282950e-01,4.50000000e-08,3.43684239e+07,4.50000000e-08,5.07710177e+09,4.50000000e-08,8.08045843e+08,4.50000000e-08,2.35137642e+01,1.00,.500u,ihp-sg13g2
5.00000000e-08,1.15905102e-06,5.00000000e-08,5.00005134e-08,5.00000000e-08,2.16010115e-16,5.00000000e-08,1.30236620e-16,5.00000000e-08,1.42149220e-18,5.00000000e-08,-5.09343325e-17,5.00000000e-08,9.47063492e-17,5.00000000e-08,1.08002517e-18,5.00000000e-08,3.19413076e-08,5.00000000e-08,2.16912641e-01,5.00000000e-08,7.04319377e-02,5.00000000e-08,1.98674359e-01,5.00000000e-08,1.98674359e-01,5.00000000e-08,3.13074221e+07,5.00000000e-08,5.36572568e+09,5.00000000e-08,8.53981766e+08,5.00000000e-08,2.31807825e+01,1.00,.500u,ihp-sg13g2
5.50000000e-08,1.26187398e-06,5.50000000e-08,5.52197041e-08,5.50000000e-08,2.23454196e-16,5.50000000e-08,1.38798725e-16,5.50000000e-08,1.52044553e-18,5.50000000e-08,-5.44138371e-17,5.50000000e-08,1.00778819e-16,5.50000000e-08,1.15645190e-18,5.50000000e-08,3.48822095e-08,5.50000000e-08,2.16912637e-01,5.50000000e-08,7.40238103e-02,5.50000000e-08,2.02872099e-01,5.50000000e-08,2.02872099e-01,5.50000000e-08,2.86679088e+07,5.50000000e-08,5.64712589e+09,5.50000000e-08,8.98768000e+08,5.50000000e-08,2.28518786e+01,1.00,.500u,ihp-sg13g2
6.00000000e-08,1.35737215e-06,6.00000000e-08,6.01795530e-08,6.00000000e-08,2.30114682e-16,6.00000000e-08,1.46448001e-16,6.00000000e-08,1.61239264e-18,6.00000000e-08,-5.75375600e-17,6.00000000e-08,1.06186725e-16,6.00000000e-08,1.22759986e-18,6.00000000e-08,3.76502504e-08,6.00000000e-08,2.16912633e-01,6.00000000e-08,7.71427359e-02,6.00000000e-08,2.06558439e-01,6.00000000e-08,2.06558439e-01,6.00000000e-08,2.65602483e+07,6.00000000e-08,5.89867686e+09,6.00000000e-08,9.38803580e+08,6.00000000e-08,2.25553711e+01,1.00,.500u,ihp-sg13g2
6.50000000e-08,1.45135042e-06,6.50000000e-08,6.51658271e-08,6.50000000e-08,2.36443397e-16,6.50000000e-08,1.53706640e-16,6.50000000e-08,1.70288051e-18,6.50000000e-08,-6.05150407e-17,6.50000000e-08,1.11303437e-16,6.50000000e-08,1.29774046e-18,6.50000000e-08,4.04074495e-08,6.50000000e-08,2.16912630e-01,6.50000000e-08,8.00355347e-02,6.50000000e-08,2.10013893e-01,6.50000000e-08,2.10013893e-01,6.50000000e-08,2.47479119e+07,6.50000000e-08,6.13825734e+09,6.50000000e-08,9.76933997e+08,6.50000000e-08,2.22716488e+01,1.00,.500u,ihp-sg13g2
7.00000000e-08,1.54343250e-06,7.00000000e-08,7.01525419e-08,7.00000000e-08,2.42437946e-16,7.00000000e-08,1.60573694e-16,7.00000000e-08,1.79152177e-18,7.00000000e-08,-6.33438168e-17,7.00000000e-08,1.16130620e-16,7.00000000e-08,1.36656396e-18,7.00000000e-08,4.31399618e-08,7.00000000e-08,2.16912627e-01,7.00000000e-08,8.27208434e-02,7.00000000e-08,2.13254472e-01,7.00000000e-08,2.13254472e-01,7.00000000e-08,2.31803636e+07,7.00000000e-08,6.36629918e+09,7.00000000e-08,1.01322798e+09,7.00000000e-08,2.20010915e+01,1.00,.500u,ihp-sg13g2
7.50000000e-08,1.63376180e-06,7.50000000e-08,7.51412154e-08,7.50000000e-08,2.48129343e-16,7.50000000e-08,1.67086191e-16,7.50000000e-08,1.87843768e-18,7.50000000e-08,-6.60372560e-17,7.50000000e-08,1.20696423e-16,7.50000000e-08,1.43415483e-18,7.50000000e-08,4.58493616e-08,7.50000000e-08,2.16912624e-01,7.50000000e-08,8.52277469e-02,7.50000000e-08,2.16309766e-01,7.50000000e-08,2.16309766e-01,7.50000000e-08,2.18105545e+07,7.50000000e-08,6.58431518e+09,7.50000000e-08,1.04792631e+09,7.50000000e-08,2.17425522e+01,1.00,.500u,ihp-sg13g2
8.00000000e-08,1.72243290e-06,8.00000000e-08,8.01313598e-08,8.00000000e-08,2.53542612e-16,8.00000000e-08,1.73273992e-16,8.00000000e-08,1.96370797e-18,8.00000000e-08,-6.86060707e-17,8.00000000e-08,1.25023614e-16,8.00000000e-08,1.50056618e-18,8.00000000e-08,4.85361231e-08,8.00000000e-08,2.16912622e-01,8.00000000e-08,8.75787829e-02,8.00000000e-08,2.19202561e-01,8.00000000e-08,2.19202561e-01,8.00000000e-08,2.06032113e+07,8.00000000e-08,6.79346518e+09,8.00000000e-08,1.08121356e+09,8.00000000e-08,2.14951163e+01,1.00,.500u,ihp-sg13g2
8.50000000e-08,1.80953519e-06,8.50000000e-08,8.51227190e-08,8.50000000e-08,2.58700143e-16,8.50000000e-08,1.79163705e-16,8.50000000e-08,2.04741107e-18,8.50000000e-08,-7.10598771e-17,8.50000000e-08,1.29132406e-16,8.50000000e-08,1.56585085e-18,8.50000000e-08,5.12008418e-08,8.50000000e-08,2.16912619e-01,8.50000000e-08,8.97925336e-02,8.50000000e-08,2.21951692e-01,8.50000000e-08,2.21951692e-01,8.50000000e-08,1.95309289e+07,8.50000000e-08,6.99472050e+09,8.50000000e-08,1.11324434e+09,8.50000000e-08,2.12579581e+01,1.00,.500u,ihp-sg13g2
9.00000000e-08,1.89515060e-06,9.00000000e-08,9.01150860e-08,9.00000000e-08,2.63621878e-16,9.00000000e-08,1.84778957e-16,9.00000000e-08,2.12962073e-18,9.00000000e-08,-7.34072632e-17,9.00000000e-08,1.33040688e-16,9.00000000e-08,1.63005879e-18,9.00000000e-08,5.38441242e-08,9.00000000e-08,2.16912617e-01,9.00000000e-08,9.18844435e-02,9.00000000e-08,2.24572841e-01,9.00000000e-08,2.24572841e-01,9.00000000e-08,1.85721286e+07,9.00000000e-08,7.18889726e+09,9.00000000e-08,1.14414853e+09,9.00000000e-08,2.10303367e+01,1.00,.500u,ihp-sg13g2
9.50000000e-08,1.97935446e-06,9.50000000e-08,9.51082981e-08,9.50000000e-08,2.68325644e-16,9.50000000e-08,1.90140816e-16,9.50000000e-08,2.21040618e-18,9.50000000e-08,-7.56559306e-17,9.50000000e-08,1.36764363e-16,9.50000000e-08,1.69323707e-18,9.50000000e-08,5.64665792e-08,9.50000000e-08,2.16912615e-01,9.50000000e-08,9.38674901e-02,9.50000000e-08,2.27079209e-01,9.50000000e-08,2.27079209e-01,9.50000000e-08,1.77095906e+07,9.50000000e-08,7.37668761e+09,9.50000000e-08,1.17403630e+09,9.50000000e-08,2.08115853e+01,1.00,.500u,ihp-sg13g2
1.00000000e-07,2.06053286e-06,1.00000000e-07,9.99999841e-08,1.00000000e-07,2.72737199e-16,1.00000000e-07,1.95165405e-16,1.00000000e-07,2.28821939e-18,1.00000000e-07,-7.77695314e-17,1.00000000e-07,1.40246500e-16,1.00000000e-07,1.75416628e-18,1.00000000e-07,5.90157342e-08,1.00000000e-07,2.16912613e-01,1.00000000e-07,9.57150053e-02,1.00000000e-07,2.29433798e-01,1.00000000e-07,2.29433798e-01,1.00000000e-07,1.69446337e+07,1.00000000e-07,7.55501219e+09,1.00000000e-07,1.20241754e+09,1.00000000e-07,2.06053319e+01,1.00,.500u,ihp-sg13g2
1.50000000e-07,2.83205047e-06,1.50000000e-07,1.50274365e-07,1.50000000e-07,3.09449298e-16,1.50000000e-07,2.36819327e-16,1.50000000e-07,3.02371852e-18,1.50000000e-07,-9.55263284e-17,1.50000000e-07,1.68840826e-16,1.50000000e-07,2.33336859e-18,1.50000000e-07,8.42003245e-08,1.50000000e-07,2.16912598e-01,1.50000000e-07,1.10848350e-01,1.50000000e-07,2.49498322e-01,1.50000000e-07,2.49498322e-01,1.50000000e-07,1.18764388e+07,1.50000000e-07,9.15190465e+09,1.50000000e-07,1.45657086e+09,1.50000000e-07,1.88458655e+01,1.00,.500u,ihp-sg13g2
2.00000000e-07,3.51055960e-06,2.00000000e-07,2.00077201e-07,2.00000000e-07,3.35523907e-16,2.00000000e-07,2.66217597e-16,2.00000000e-07,3.66359331e-18,2.00000000e-07,-1.08304765e-16,2.00000000e-07,1.88729446e-16,2.00000000e-07,2.84133903e-18,2.00000000e-07,1.07648403e-07,2.00000000e-07,2.16912588e-01,2.00000000e-07,1.21645771e-01,2.00000000e-07,2.64772322e-01,2.00000000e-07,2.64772322e-01,2.00000000e-07,9.28950148e+06,2.00000000e-07,1.04629194e+10,2.00000000e-07,1.66522535e+09,2.00000000e-07,1.75460252e+01,1.00,.500u,ihp-sg13g2
2.50000000e-07,4.12981965e-06,2.50000000e-07,2.50031984e-07,2.50000000e-07,3.55545646e-16,2.50000000e-07,2.88670120e-16,2.50000000e-07,4.24136651e-18,2.50000000e-07,-1.18195035e-16,2.50000000e-07,2.03756734e-16,2.50000000e-07,3.30256561e-18,2.50000000e-07,1.29999290e-07,2.50000000e-07,2.16912581e-01,2.50000000e-07,1.30165914e-01,2.50000000e-07,2.77467985e-01,2.50000000e-07,2.77467985e-01,2.50000000e-07,7.69234971e+06,2.50000000e-07,1.16154415e+10,2.50000000e-07,1.84865493e+09,2.50000000e-07,1.65171655e+01,1.00,.500u,ihp-sg13g2
3.00000000e-07,4.70252930e-06,3.00000000e-07,3.00015845e-07,3.00000000e-07,3.71553356e-16,3.00000000e-07,3.06533353e-16,3.00000000e-07,4.77025717e-18,3.00000000e-07,-1.26140786e-16,3.00000000e-07,2.15612326e-16,3.00000000e-07,3.72648190e-18,3.00000000e-07,1.51414928e-07,3.00000000e-07,2.16912575e-01,3.00000000e-07,1.37218112e-01,3.00000000e-07,2.88443919e-01,3.00000000e-07,2.88443919e-01,3.00000000e-07,6.60436861e+06,3.00000000e-07,1.26564038e+10,3.00000000e-07,2.01432922e+09,3.00000000e-07,1.56742698e+01,1.00,.500u,ihp-sg13g2
3.50000000e-07,5.23793605e-06,3.50000000e-07,3.50008865e-07,3.50000000e-07,3.84753772e-16,3.50000000e-07,3.21196439e-16,3.50000000e-07,5.25994326e-18,3.50000000e-07,-1.32711675e-16,3.50000000e-07,2.25277705e-16,3.50000000e-07,4.12017099e-18,3.50000000e-07,1.72044552e-07,3.50000000e-07,2.16912570e-01,3.50000000e-07,1.43250495e-01,3.50000000e-07,2.98189513e-01,3.50000000e-07,2.98189513e-01,3.50000000e-07,5.81244794e+06,3.50000000e-07,1.36137354e+10,3.50000000e-07,2.16669329e+09,3.50000000e-07,1.49651525e+01,1.00,.500u,ihp-sg13g2
4.00000000e-07,5.74260394e-06,4.00000000e-07,4.00005401e-07,4.00000000e-07,3.95900294e-16,4.00000000e-07,3.33524294e-16,4.00000000e-07,5.71735025e-18,4.00000000e-07,-1.38268498e-16,4.00000000e-07,2.33357299e-16,4.00000000e-07,4.48877296e-18,4.00000000e-07,1.92003173e-07,4.00000000e-07,2.16912566e-01,4.00000000e-07,1.48533225e-01,4.00000000e-07,3.07006245e-01,4.00000000e-07,3.07006245e-01,4.00000000e-07,5.20824727e+06,4.00000000e-07,1.45051773e+10,4.00000000e-07,2.30857066e+09,4.00000000e-07,1.43563160e+01,1.00,.500u,ihp-sg13g2
4.50000000e-07,6.22135464e-06,4.50000000e-07,4.50003502e-07,4.50000000e-07,4.05490054e-16,4.50000000e-07,3.44086364e-16,4.50000000e-07,6.14759870e-18,4.50000000e-07,-1.43052026e-16,4.50000000e-07,2.40245503e-16,4.50000000e-07,4.83613004e-18,4.50000000e-07,2.11379932e-07,4.50000000e-07,2.16912563e-01,4.50000000e-07,1.53241467e-01,4.50000000e-07,3.15093458e-01,4.50000000e-07,3.15093458e-01,4.50000000e-07,4.73081806e+06,4.50000000e-07,1.53428045e+10,4.50000000e-07,2.44188318e+09,4.50000000e-07,1.38251249e+01,1.00,.500u,ihp-sg13g2
5.00000000e-07,6.67784634e-06,5.00000000e-07,5.00002379e-07,5.00000000e-07,4.13866095e-16,5.00000000e-07,3.53274827e-16,5.00000000e-07,6.55459295e-18,5.00000000e-07,-1.47229905e-16,5.00000000e-07,2.46211902e-16,5.00000000e-07,5.16519845e-18,5.00000000e-07,2.30245224e-07,5.00000000e-07,2.16912559e-01,5.00000000e-07,1.57495242e-01,5.00000000e-07,3.22590265e-01,5.00000000e-07,3.22590265e-01,5.00000000e-07,4.34319542e+06,5.00000000e-07,1.61352824e+10,5.00000000e-07,2.56800996e+09,5.00000000e-07,1.33556291e+01,1.00,.500u,ihp-sg13g2
5.50000000e-07,7.11493146e-06,5.50000000e-07,5.50001674e-07,5.50000000e-07,4.21273862e-16,5.50000000e-07,3.61369798e-16,5.50000000e-07,6.94138840e-18,5.50000000e-07,-1.50922973e-16,5.50000000e-07,2.51447817e-16,5.50000000e-07,5.47830948e-18,5.50000000e-07,2.48655710e-07,5.50000000e-07,2.16912557e-01,5.50000000e-07,1.61380393e-01,5.50000000e-07,3.29597906e-01,5.50000000e-07,3.29597906e-01,5.50000000e-07,4.02162492e+06,5.50000000e-07,1.68890883e+10,5.50000000e-07,2.68798189e+09,5.50000000e-07,1.29361996e+01,1.00,.500u,ihp-sg13g2
6.00000000e-07,7.53488551e-06,6.00000000e-07,6.00001211e-07,6.00000000e-07,4.27894281e-16,6.00000000e-07,3.68577421e-16,6.00000000e-07,7.31042853e-18,6.00000000e-07,-1.54220839e-16,6.00000000e-07,2.56093269e-16,6.00000000e-07,5.77733992e-18,6.00000000e-07,2.66657790e-07,6.00000000e-07,2.16912554e-01,6.00000000e-07,1.64960454e-01,6.00000000e-07,3.36192555e-01,6.00000000e-07,3.36192555e-01,6.00000000e-07,3.75012483e+06,6.00000000e-07,1.76092223e+10,6.00000000e-07,2.80259477e+09,6.00000000e-07,1.25581172e+01,1.00,.500u,ihp-sg13g2
6.50000000e-07,7.95056542e-06,6.50000000e-07,6.51385797e-07,6.50000000e-07,4.34021244e-16,6.50000000e-07,3.75223420e-16,6.50000000e-07,7.67328056e-18,6.50000000e-07,-1.57269721e-16,6.50000000e-07,2.60362547e-16,6.50000000e-07,6.07159656e-18,6.50000000e-07,2.84773472e-07,6.50000000e-07,2.16912552e-01,6.50000000e-07,1.68372552e-01,6.50000000e-07,3.42601378e-01,6.50000000e-07,3.42601378e-01,6.50000000e-07,3.51156305e+06,6.50000000e-07,1.83183785e+10,6.50000000e-07,2.91546049e+09,6.50000000e-07,1.22056168e+01,1.00,.500u,ihp-sg13g2
7.00000000e-07,8.33966990e-06,7.00000000e-07,7.01196111e-07,7.00000000e-07,4.39412524e-16,7.00000000e-07,3.81050682e-16,7.00000000e-07,8.01080667e-18,7.00000000e-07,-1.59949338e-16,7.00000000e-07,2.64094300e-16,7.00000000e-07,6.34550057e-18,7.00000000e-07,3.01994512e-07,7.00000000e-07,2.16912549e-01,7.00000000e-07,1.71459805e-01,7.00000000e-07,3.48504489e-01,7.00000000e-07,3.48504489e-01,7.00000000e-07,3.31131845e+06,7.00000000e-07,1.89791357e+10,7.00000000e-07,3.02062326e+09,7.00000000e-07,1.18934914e+01,1.00,.500u,ihp-sg13g2
7.50000000e-07,8.71720724e-06,7.50000000e-07,7.51111269e-07,7.50000000e-07,4.44356840e-16,7.50000000e-07,3.86376715e-16,7.50000000e-07,8.33639055e-18,7.50000000e-07,-1.62403715e-16,7.50000000e-07,2.67495256e-16,7.50000000e-07,6.60986087e-18,7.50000000e-07,3.18944074e-07,7.50000000e-07,2.16912548e-01,7.50000000e-07,1.74365863e-01,7.50000000e-07,3.54151989e-01,7.50000000e-07,3.54151989e-01,7.50000000e-07,3.13534592e+06,7.50000000e-07,1.96175831e+10,7.50000000e-07,3.12223532e+09,7.50000000e-07,1.16057469e+01,1.00,.500u,ihp-sg13g2
8.00000000e-07,9.08347469e-06,8.00000000e-07,8.01033659e-07,8.00000000e-07,4.48908491e-16,8.00000000e-07,3.91263593e-16,8.00000000e-07,8.65051192e-18,8.00000000e-07,-1.64660223e-16,8.00000000e-07,2.70607224e-16,8.00000000e-07,6.86503404e-18,8.00000000e-07,3.35611566e-07,8.00000000e-07,2.16912546e-01,8.00000000e-07,1.77108312e-01,8.00000000e-07,3.59562328e-01,8.00000000e-07,3.59562328e-01,8.00000000e-07,2.97963510e+06,8.00000000e-07,2.02345798e+10,8.00000000e-07,3.22043340e+09,8.00000000e-07,1.13396916e+01,1.00,.500u,ihp-sg13g2
8.50000000e-07,9.43941086e-06,8.50000000e-07,8.50965922e-07,8.50000000e-07,4.53120646e-16,8.50000000e-07,3.95771462e-16,8.50000000e-07,8.95417584e-18,8.50000000e-07,-1.66745661e-16,8.50000000e-07,2.73470273e-16,8.50000000e-07,7.11181028e-18,8.50000000e-07,3.52018229e-07,8.50000000e-07,2.16912544e-01,8.50000000e-07,1.79706826e-01,8.50000000e-07,3.64760947e-01,8.50000000e-07,3.64760947e-01,8.50000000e-07,2.84076198e+06,8.50000000e-07,2.08320035e+10,8.50000000e-07,3.31551632e+09,8.50000000e-07,1.10925839e+01,1.00,.500u,ihp-sg13g2
9.00000000e-07,9.78579772e-06,9.00000000e-07,9.00906153e-07,9.00000000e-07,4.57036538e-16,9.00000000e-07,3.99949189e-16,9.00000000e-07,9.24822514e-18,9.00000000e-07,-1.68681863e-16,9.00000000e-07,2.76116885e-16,9.00000000e-07,7.35085370e-18,9.00000000e-07,3.68181251e-07,9.00000000e-07,2.16912542e-01,9.00000000e-07,1.82177519e-01,9.00000000e-07,3.69768793e-01,9.00000000e-07,3.69768793e-01,9.00000000e-07,2.71605357e+06,9.00000000e-07,2.14114122e+10,9.00000000e-07,3.40773210e+09,9.00000000e-07,1.08621721e+01,1.00,.500u,ihp-sg13g2
9.50000000e-07,1.01233215e-05,9.50000000e-07,9.50853046e-07,9.50000000e-07,4.60692062e-16,9.50000000e-07,4.03837295e-16,9.50000000e-07,9.53339757e-18,9.50000000e-07,-1.70486985e-16,9.50000000e-07,2.78573928e-16,9.50000000e-07,7.58274737e-18,9.50000000e-07,3.84115931e-07,9.50000000e-07,2.16912541e-01,9.50000000e-07,1.84533945e-01,9.50000000e-07,3.74603720e-01,9.50000000e-07,3.74603720e-01,9.50000000e-07,2.60338070e+06,9.50000000e-07,2.19741608e+10,9.50000000e-07,3.49729632e+09,9.50000000e-07,1.06465678e+01,1.00,.500u,ihp-sg13g2
1.00000000e-06,1.04473391e-05,1.00000000e-06,9.99999890e-07,1.00000000e-06,4.64063730e-16,1.00000000e-06,4.07412967e-16,1.00000000e-06,9.80593766e-18,1.00000000e-06,-1.72149857e-16,1.00000000e-06,2.80828119e-16,1.00000000e-06,7.80442271e-18,1.00000000e-06,3.99584004e-07,1.00000000e-06,2.16912540e-01,1.00000000e-06,1.86752022e-01,1.00000000e-06,3.79206801e-01,1.00000000e-06,3.79206801e-01,1.00000000e-06,2.50260268e+06,1.00000000e-06,2.25127250e+10,1.00000000e-06,3.58301147e+09,1.00000000e-06,1.04473403e+01,1.00,.500u,ihp-sg13g2
1.50000000e-06,1.33897138e-05,1.50000000e-06,1.50123173e-06,1.50000000e-06,4.89886358e-16,1.50000000e-06,4.34427985e-16,1.50000000e-06,1.22313561e-17,1.50000000e-06,-1.84818273e-16,1.50000000e-06,2.97663206e-16,1.50000000e-06,9.77867811e-18,1.50000000e-06,5.47614926e-07,1.50000000e-06,2.16912529e-01,1.50000000e-06,2.05340855e-01,1.50000000e-06,4.19700218e-01,1.50000000e-06,4.19700218e-01,1.50000000e-06,1.82610070e+06,1.50000000e-06,2.73322854e+10,1.50000000e-06,4.35006833e+09,1.50000000e-06,8.91915186e+00,1.00,.500u,ihp-sg13g2
2.00000000e-06,1.58525058e-05,2.00000000e-06,2.00036411e-06,2.00000000e-06,5.06939478e-16,2.00000000e-06,4.51869512e-16,2.00000000e-06,1.42030848e-17,2.00000000e-06,-1.93135660e-16,2.00000000e-06,3.08295889e-16,2.00000000e-06,1.13845631e-17,2.00000000e-06,6.81919084e-07,2.00000000e-06,2.16912521e-01,2.00000000e-06,2.19420227e-01,2.00000000e-06,4.52471426e-01,2.00000000e-06,4.52471427e-01,2.00000000e-06,1.46644965e+06,2.00000000e-06,3.12710027e+10,2.00000000e-06,4.97693466e+09,2.00000000e-06,7.92481016e+00,1.00,.500u,ihp-sg13g2
2.50000000e-06,1.80030123e-05,2.50000000e-06,2.50015076e-06,2.50000000e-06,5.19728926e-16,2.50000000e-06,4.64730600e-16,2.50000000e-06,1.58895556e-17,2.50000000e-06,-1.99375536e-16,2.50000000e-06,3.15973940e-16,2.50000000e-06,1.27583202e-17,2.50000000e-06,8.07005922e-07,2.50000000e-06,2.16912516e-01,2.50000000e-06,2.31068930e-01,2.50000000e-06,4.80754719e-01,2.50000000e-06,4.80754719e-01,2.50000000e-06,1.23914828e+06,2.50000000e-06,3.46392348e+10,2.50000000e-06,5.51300544e+09,2.50000000e-06,7.20077068e+00,1.00,.500u,ihp-sg13g2
3.00000000e-06,1.99198495e-05,3.00000000e-06,3.00007417e-06,3.00000000e-06,5.30002590e-16,3.00000000e-06,4.74932112e-16,3.00000000e-06,1.73694346e-17,3.00000000e-06,-2.04411178e-16,3.00000000e-06,3.21943577e-16,3.00000000e-06,1.39639061e-17,3.00000000e-06,9.24772240e-07,3.00000000e-06,2.16912511e-01,3.00000000e-06,2.41159415e-01,3.00000000e-06,5.05968272e-01,3.00000000e-06,5.05968272e-01,3.00000000e-06,1.08134734e+06,3.00000000e-06,3.75844380e+10,3.00000000e-06,5.98174910e+09,3.00000000e-06,6.63978568e+00,1.00,.500u,ihp-sg13g2
3.50000000e-06,2.16529515e-05,3.50000000e-06,3.50004083e-06,3.50000000e-06,5.38632299e-16,3.50000000e-06,4.83421801e-16,3.50000000e-06,1.86910222e-17,3.50000000e-06,-2.08672027e-16,3.50000000e-06,3.26818503e-16,3.50000000e-06,1.50406894e-17,3.50000000e-06,1.03648243e-06,3.50000000e-06,2.16912507e-01,3.50000000e-06,2.50167785e-01,3.50000000e-06,5.28936038e-01,3.50000000e-06,5.28936038e-01,3.50000000e-06,9.64801692e+05,3.50000000e-06,4.01998757e+10,3.50000000e-06,6.39800892e+09,3.50000000e-06,6.18648539e+00,1.00,.500u,ihp-sg13g2
4.00000000e-06,2.32361556e-05,4.00000000e-06,4.00002427e-06,4.00000000e-06,5.46106854e-16,4.00000000e-06,4.90725614e-16,4.00000000e-06,1.98861980e-17,4.00000000e-06,-2.12395258e-16,4.00000000e-06,3.30939137e-16,4.00000000e-06,1.60146790e-17,4.00000000e-06,1.14301373e-06,4.00000000e-06,2.16912504e-01,4.00000000e-06,2.58380961e-01,4.00000000e-06,5.50179417e-01,4.00000000e-06,5.50179418e-01,4.00000000e-06,8.74880126e+05,4.00000000e-06,4.25487347e+10,4.00000000e-06,6.77184145e+09,4.00000000e-06,5.80900367e+00,1.00,.500u,ihp-sg13g2
4.50000000e-06,2.46937205e-05,4.50000000e-06,4.50001521e-06,4.50000000e-06,5.52724913e-16,4.50000000e-06,4.97161683e-16,4.50000000e-06,2.09773140e-17,4.50000000e-06,-2.15723595e-16,4.50000000e-06,3.34511414e-16,4.50000000e-06,1.69041120e-17,4.50000000e-06,1.24500729e-06,4.50000000e-06,2.16912501e-01,4.50000000e-06,2.65985205e-01,4.50000000e-06,5.70051168e-01,4.50000000e-06,5.70051169e-01,4.50000000e-06,8.03208150e+05,4.50000000e-06,4.46763298e+10,4.50000000e-06,7.11045872e+09,4.50000000e-06,5.48747489e+00,1.00,.500u,ihp-sg13g2
5.00000000e-06,2.60438051e-05,5.00000000e-06,5.00000988e-06,5.00000000e-06,5.58681148e-16,5.00000000e-06,5.02935308e-16,5.00000000e-06,2.19807872e-17,5.00000000e-06,-2.18748688e-16,5.00000000e-06,3.37668249e-16,5.00000000e-06,1.77223779e-17,5.00000000e-06,1.34295197e-06,5.00000000e-06,2.16912499e-01,5.00000000e-06,2.73108336e-01,5.00000000e-06,5.88802259e-01,5.00000000e-06,5.88802259e-01,5.00000000e-06,7.44628266e+05,5.00000000e-06,4.66165812e+10,5.00000000e-06,7.41925933e+09,5.00000000e-06,5.20875073e+00,1.00,.500u,ihp-sg13g2
5.50000000e-06,2.73004682e-05,5.50000000e-06,5.50000655e-06,5.50000000e-06,5.64109016e-16,5.50000000e-06,5.08185835e-16,5.50000000e-06,2.29091215e-17,5.50000000e-06,-2.21532471e-16,5.50000000e-06,3.40499860e-16,5.50000000e-06,1.84796677e-17,5.50000000e-06,1.43723352e-06,5.50000000e-06,2.16912497e-01,5.50000000e-06,2.79841903e-01,5.50000000e-06,6.06618315e-01,5.50000000e-06,6.06618315e-01,5.50000000e-06,6.95781158e+05,5.50000000e-06,4.83957311e+10,5.50000000e-06,7.70241982e+09,5.50000000e-06,4.96371558e+00,1.00,.500u,ihp-sg13g2
6.00000000e-06,2.84748889e-05,6.00000000e-06,6.00000437e-06,6.00000000e-06,5.69103793e-16,6.00000000e-06,5.13011768e-16,6.00000000e-06,2.37721204e-17,6.00000000e-06,-2.24118571e-16,6.00000000e-06,3.43069993e-16,6.00000000e-06,1.91839648e-17,6.00000000e-06,1.52816474e-06,6.00000000e-06,2.16912495e-01,6.00000000e-06,2.86253740e-01,6.00000000e-06,6.23640935e-01,6.00000000e-06,6.23640935e-01,6.00000000e-06,6.54379711e+05,6.00000000e-06,5.00346145e+10,6.00000000e-06,7.96325623e+09,6.00000000e-06,4.74581136e+00,1.00,.500u,ihp-sg13g2
6.50000000e-06,2.95977760e-05,6.50000000e-06,6.51013939e-06,6.50000000e-06,5.73826358e-16,6.50000000e-06,5.17572559e-16,6.50000000e-06,2.45934369e-17,6.50000000e-06,-2.26586324e-16,6.50000000e-06,3.45470990e-16,6.50000000e-06,1.98545625e-17,6.50000000e-06,1.61775556e-06,6.50000000e-06,2.16912493e-01,6.50000000e-06,2.92517531e-01,6.50000000e-06,6.40305727e-01,6.50000000e-06,6.40305727e-01,6.50000000e-06,6.18140356e+05,6.50000000e-06,5.15796731e+10,6.50000000e-06,8.20915993e+09,6.50000000e-06,4.54641202e+00,1.00,.500u,ihp-sg13g2
7.00000000e-06,3.06294319e-05,7.00000000e-06,7.00879144e-06,7.00000000e-06,5.78131948e-16,7.00000000e-06,5.21731008e-16,7.00000000e-06,2.53450040e-17,7.00000000e-06,-2.28855929e-16,7.00000000e-06,3.47637256e-16,7.00000000e-06,2.04685195e-17,7.00000000e-06,1.70244331e-06,7.00000000e-06,2.16912492e-01,7.00000000e-06,2.98409567e-01,7.00000000e-06,6.55998541e-01,7.00000000e-06,6.55998541e-01,7.00000000e-06,5.87391070e+05,7.00000000e-06,5.29800023e+10,7.00000000e-06,8.43202925e+09,7.00000000e-06,4.37014458e+00,1.00,.500u,ihp-sg13g2
7.50000000e-06,3.16033348e-05,7.50000000e-06,7.50805228e-06,7.50000000e-06,5.82176561e-16,7.50000000e-06,5.25639374e-16,7.50000000e-06,2.60520747e-17,7.50000000e-06,-2.31005438e-16,7.50000000e-06,3.49654040e-16,7.50000000e-06,2.10464290e-17,7.50000000e-06,1.78456408e-06,7.50000000e-06,2.16912490e-01,7.50000000e-06,3.04112198e-01,7.50000000e-06,6.71191206e-01,7.50000000e-06,6.71191207e-01,7.50000000e-06,5.60360936e+05,7.50000000e-06,5.42847942e+10,7.50000000e-06,8.63969334e+09,7.50000000e-06,4.20925876e+00,1.00,.500u,ihp-sg13g2
8.00000000e-06,3.25236678e-05,8.00000000e-06,8.00739534e-06,8.00000000e-06,5.85988062e-16,8.00000000e-06,5.29325537e-16,8.00000000e-06,2.67182974e-17,8.00000000e-06,-2.33046691e-16,8.00000000e-06,3.51539796e-16,8.00000000e-06,2.15912473e-17,8.00000000e-06,1.86418864e-06,8.00000000e-06,2.16912489e-01,8.00000000e-06,3.09644621e-01,8.00000000e-06,6.85925479e-01,8.00000000e-06,6.85925480e-01,8.00000000e-06,5.36426400e+05,8.00000000e-06,5.55022703e+10,8.00000000e-06,8.83346068e+09,8.00000000e-06,4.06170377e+00,1.00,.500u,ihp-sg13g2
8.50000000e-06,3.33949983e-05,8.50000000e-06,8.50682106e-06,8.50000000e-06,5.89592798e-16,8.50000000e-06,5.32815497e-16,8.50000000e-06,2.73474886e-17,8.50000000e-06,-2.34991189e-16,8.50000000e-06,3.53311171e-16,8.50000000e-06,2.21060689e-17,8.50000000e-06,1.94145944e-06,8.50000000e-06,2.16912487e-01,8.50000000e-06,3.15027769e-01,8.50000000e-06,7.00250397e-01,8.50000000e-06,7.00250397e-01,8.50000000e-06,5.15076432e+05,8.50000000e-06,5.66407839e+10,8.50000000e-06,9.01466075e+09,8.50000000e-06,3.92567306e+00,1.00,.500u,ihp-sg13g2
9.00000000e-06,3.42212700e-05,9.00000000e-06,9.00631469e-06,9.00000000e-06,5.93012317e-16,9.00000000e-06,5.36130345e-16,9.00000000e-06,2.79429239e-17,9.00000000e-06,-2.36848279e-16,9.00000000e-06,3.54981624e-16,9.00000000e-06,2.25935476e-17,9.00000000e-06,2.01650097e-06,9.00000000e-06,2.16912486e-01,9.00000000e-06,3.20278854e-01,9.00000000e-06,7.14207013e-01,9.00000000e-06,7.14207013e-01,9.00000000e-06,4.95908515e+05,9.00000000e-06,5.77075198e+10,9.00000000e-06,9.18443703e+09,9.00000000e-06,3.79969734e+00,1.00,.500u,ihp-sg13g2
9.50000000e-06,3.50059457e-05,9.50000000e-06,9.50586518e-06,9.50000000e-06,5.96264601e-16,9.50000000e-06,5.39287541e-16,9.50000000e-06,2.85074598e-17,9.50000000e-06,-2.38625738e-16,9.50000000e-06,3.56562240e-16,9.50000000e-06,2.30559963e-17,9.50000000e-06,2.08942548e-06,9.50000000e-06,2.16912485e-01,9.50000000e-06,3.25412339e-01,9.50000000e-06,7.27830467e-01,9.50000000e-06,7.27830467e-01,9.50000000e-06,4.78600462e+05,9.50000000e-06,5.87087439e+10,9.50000000e-06,9.34378679e+09,9.50000000e-06,3.68256282e+00,1.00,.500u,ihp-sg13g2
1.00000000e-05,3.57441220e-05,1.00000000e-05,9.99999820e-06,1.00000000e-05,5.99331697e-16,1.00000000e-05,5.42269479e-16,1.00000000e-05,2.90378857e-17,1.00000000e-05,-2.40311856e-16,1.00000000e-05,3.58046260e-16,1.00000000e-05,2.34907558e-17,1.00000000e-05,2.15956967e-06,1.00000000e-05,2.16912484e-01,1.00000000e-05,3.30386011e-01,1.00000000e-05,7.41006898e-01,1.00000000e-05,7.41006898e-01,1.00000000e-05,4.63055217e+05,1.00000000e-05,5.96399659e+10,1.00000000e-05,9.49199537e+09,1.00000000e-05,3.57441284e+00,1.00,.500u,ihp-sg13g2
1.50000000e-05,4.15770442e-05,1.50000000e-05,1.50025883e-05,1.50000000e-05,6.24179607e-16,1.50000000e-05,5.66639733e-16,1.50000000e-05,3.32333305e-17,1.50000000e-05,-2.54298903e-16,1.50000000e-05,3.69907174e-16,1.50000000e-05,2.69399046e-17,1.50000000e-05,2.77585044e-06,1.50000000e-05,2.16912476e-01,1.50000000e-05,3.76672715e-01,1.50000000e-05,8.62205623e-01,1.50000000e-05,8.62205624e-01,1.50000000e-05,3.60249956e+05,1.50000000e-05,6.66107059e+10,1.50000000e-05,1.06014231e+10,1.50000000e-05,2.77132475e+00,1.00,.500u,ihp-sg13g2
2.00000000e-05,4.53870704e-05,2.00000000e-05,2.00004950e-05,2.00000000e-05,6.41630249e-16,2.00000000e-05,5.84042285e-16,2.00000000e-05,3.60481627e-17,2.00000000e-05,-2.64407166e-16,2.00000000e-05,3.78172654e-16,2.00000000e-05,2.92669229e-17,2.00000000e-05,3.25985429e-06,2.00000000e-05,2.16912470e-01,2.00000000e-05,4.18556871e-01,2.00000000e-05,9.69448732e-01,2.00000000e-05,9.69448734e-01,2.00000000e-05,3.06762178e+05,2.00000000e-05,7.07371114e+10,2.00000000e-05,1.12581609e+10,2.00000000e-05,2.26929735e+00,1.00,.500u,ihp-sg13g2
2.50000000e-05,4.79604867e-05,2.50000000e-05,2.50001159e-05,2.50000000e-05,6.54601902e-16,2.50000000e-05,5.97163155e-16,2.50000000e-05,3.80774152e-17,2.50000000e-05,-2.72012545e-16,2.50000000e-05,3.84349046e-16,2.50000000e-05,3.09521182e-17,2.50000000e-05,3.64898089e-06,2.50000000e-05,2.16912466e-01,2.50000000e-05,4.58167980e-01,2.50000000e-05,1.06903688e+00,2.50000000e-05,1.06903689e+00,2.50000000e-05,2.74049119e+05,2.50000000e-05,7.32666474e+10,2.50000000e-05,1.16607491e+10,2.50000000e-05,1.91841057e+00,1.00,.500u,ihp-sg13g2
3.00000000e-05,4.97086312e-05,3.00000000e-05,3.00000174e-05,3.00000000e-05,6.64539233e-16,3.00000000e-05,6.07333265e-16,3.00000000e-05,3.96148461e-17,3.00000000e-05,-2.77850097e-16,3.00000000e-05,3.89128574e-16,3.00000000e-05,3.22329128e-17,3.00000000e-05,3.96645194e-06,3.00000000e-05,2.16912463e-01,3.00000000e-05,4.96411258e-01,3.00000000e-05,1.16391606e+00,3.00000000e-05,1.16391606e+00,3.00000000e-05,2.52114488e+05,3.00000000e-05,7.48016501e+10,3.00000000e-05,1.19050524e+10,3.00000000e-05,1.65695341e+00,1.00,.500u,ihp-sg13g2
3.50000000e-05,5.08772417e-05,3.50000000e-05,3.49999801e-05,3.50000000e-05,6.72295901e-16,3.50000000e-05,6.15349047e-16,3.50000000e-05,4.08257953e-17,3.50000000e-05,-2.82381153e-16,3.50000000e-05,3.92903830e-16,3.50000000e-05,3.32433360e-17,3.50000000e-05,4.22840677e-06,3.50000000e-05,2.16912460e-01,3.50000000e-05,5.33775096e-01,3.50000000e-05,1.25577293e+00,3.50000000e-05,1.25577294e+00,3.50000000e-05,2.36495696e+05,3.50000000e-05,7.56768584e+10,3.50000000e-05,1.20443461e+10,3.50000000e-05,1.45363630e+00,1.00,.500u,ihp-sg13g2
4.00000000e-05,5.16239996e-05,4.00000000e-05,3.99999539e-05,4.00000000e-05,6.78420452e-16,4.00000000e-05,6.21729585e-16,4.00000000e-05,4.18103267e-17,4.00000000e-05,-2.85915156e-16,4.00000000e-05,3.95921860e-16,4.00000000e-05,3.40648072e-17,4.00000000e-05,4.44653654e-06,4.00000000e-05,2.16912458e-01,4.00000000e-05,5.70553903e-01,4.00000000e-05,1.34566802e+00,4.00000000e-05,1.34566803e+00,4.00000000e-05,2.24894137e+05,4.00000000e-05,7.60944034e+10,4.00000000e-05,1.21108004e+10,4.00000000e-05,1.29060148e+00,1.00,.500u,ihp-sg13g2
4.50000000e-05,5.20554449e-05,4.50000000e-05,4.49999201e-05,4.50000000e-05,6.83285839e-16,4.50000000e-05,6.26832556e-16,4.50000000e-05,4.26323619e-17,4.50000000e-05,-2.88669162e-16,4.50000000e-05,3.98349016e-16,4.50000000e-05,3.47495611e-17,4.50000000e-05,4.62959215e-06,4.50000000e-05,2.16912456e-01,4.50000000e-05,6.06940220e-01,4.50000000e-05,1.43431580e+00,4.50000000e-05,1.43431582e+00,4.50000000e-05,2.16001748e+05,4.50000000e-05,7.61839949e+10,4.50000000e-05,1.21250594e+10,4.50000000e-05,1.15678972e+00,1.00,.500u,ihp-sg13g2
5.00000000e-05,5.22464180e-05,5.00000000e-05,4.99998622e-05,5.00000000e-05,6.87156352e-16,5.00000000e-05,6.30914500e-16,5.00000000e-05,4.33344839e-17,5.00000000e-05,-2.90800622e-16,5.00000000e-05,4.00302810e-16,5.00000000e-05,3.53325590e-17,5.00000000e-05,4.78431923e-06,5.00000000e-05,2.16912454e-01,5.00000000e-05,6.43067914e-01,5.00000000e-05,1.52222350e+00,5.00000000e-05,1.52222353e+00,5.00000000e-05,2.09016153e+05,5.00000000e-05,7.60327950e+10,5.00000000e-05,1.21009952e+10,5.00000000e-05,1.04493124e+00,1.00,.500u,ihp-sg13g2
5.50000000e-05,5.22510038e-05,5.50000000e-05,5.50070964e-05,5.50000000e-05,6.90229423e-16,5.50000000e-05,6.34169435e-16,5.50000000e-05,4.39468764e-17,5.50000000e-05,-2.92428938e-16,5.50000000e-05,4.01871354e-16,5.50000000e-05,3.58387053e-17,5.50000000e-05,4.91626466e-06,5.50000000e-05,2.16912452e-01,5.50000000e-05,6.79087330e-01,5.50000000e-05,1.60989467e+00,5.50000000e-05,1.60989470e+00,5.50000000e-05,2.03406462e+05,5.50000000e-05,7.57009221e+10,5.50000000e-05,1.20481760e+10,5.50000000e-05,9.49895690e-01,1.00,.500u,ihp-sg13g2
6.00000000e-05,5.21097431e-05,6.00000000e-05,5.99993809e-05,6.00000000e-05,6.92638348e-16,6.00000000e-05,6.36728523e-16,6.00000000e-05,4.44877813e-17,6.00000000e-05,-2.93637320e-16,6.00000000e-05,4.03113315e-16,6.00000000e-05,3.62831445e-17,6.00000000e-05,5.02933184e-06,6.00000000e-05,2.16912451e-01,6.00000000e-05,7.14912955e-01,6.00000000e-05,1.69722771e+00,6.00000000e-05,1.69722776e+00,6.00000000e-05,1.98833569e+05,6.00000000e-05,7.52336963e+10,6.00000000e-05,1.19738147e+10,6.00000000e-05,8.68504680e-01,1.00,.500u,ihp-sg13g2
6.50000000e-05,5.18530806e-05,6.50000000e-05,6.49930783e-05,6.50000000e-05,6.94504972e-16,6.50000000e-05,6.38714080e-16,6.50000000e-05,4.49742870e-17,6.50000000e-05,-2.94500685e-16,6.50000000e-05,4.04083942e-16,6.50000000e-05,3.66801140e-17,6.50000000e-05,5.12782542e-06,6.50000000e-05,2.16912450e-01,6.50000000e-05,7.50720627e-01,6.50000000e-05,1.78473485e+00,6.50000000e-05,1.78473491e+00,6.50000000e-05,1.95014439e+05,6.50000000e-05,7.46619286e+10,6.50000000e-05,1.18828150e+10,6.50000000e-05,7.97824660e-01,1.00,.500u,ihp-sg13g2
7.00000000e-05,5.15042476e-05,7.00000000e-05,6.99876128e-05,7.00000000e-05,6.95915757e-16,7.00000000e-05,6.40213067e-16,7.00000000e-05,4.54174202e-17,7.00000000e-05,-2.95073400e-16,7.00000000e-05,4.04822145e-16,7.00000000e-05,3.70388610e-17,7.00000000e-05,5.21529840e-06,7.00000000e-05,2.16912449e-01,7.00000000e-05,7.86553040e-01,7.00000000e-05,1.87258808e+00,7.00000000e-05,1.87258817e+00,7.00000000e-05,1.91743583e+05,7.00000000e-05,7.40093137e+10,7.00000000e-05,1.17789481e+10,7.00000000e-05,7.35905191e-01,1.00,.500u,ihp-sg13g2
7.50000000e-05,5.10813514e-05,7.50000000e-05,7.49824992e-05,7.50000000e-05,6.96939658e-16,7.50000000e-05,6.41295307e-16,7.50000000e-05,4.58254997e-17,7.50000000e-05,-2.95399173e-16,7.50000000e-05,4.05359143e-16,7.50000000e-05,3.73664021e-17,7.50000000e-05,5.29528064e-06,7.50000000e-05,2.16912448e-01,7.50000000e-05,8.22445490e-01,7.50000000e-05,1.96092906e+00,7.50000000e-05,1.96092917e+00,7.50000000e-05,1.88847404e+05,7.50000000e-05,7.32937936e+10,7.50000000e-05,1.16650695e+10,7.50000000e-05,6.81243650e-01,1.00,.500u,ihp-sg13g2
8.00000000e-05,5.05986268e-05,8.00000000e-05,7.99771989e-05,8.00000000e-05,6.97632401e-16,8.00000000e-05,6.42017574e-16,8.00000000e-05,4.62048843e-17,8.00000000e-05,-2.95513584e-16,8.00000000e-05,4.05720324e-16,8.00000000e-05,3.76681333e-17,8.00000000e-05,5.37149655e-06,8.00000000e-05,2.16912447e-01,8.00000000e-05,8.58426892e-01,8.00000000e-05,2.04987428e+00,8.00000000e-05,2.04987442e+00,8.00000000e-05,1.86167857e+05,8.00000000e-05,7.25290665e+10,8.00000000e-05,1.15433594e+10,8.00000000e-05,6.32663153e-01,1.00,.500u,ihp-sg13g2
8.50000000e-05,5.00673241e-05,8.50000000e-05,8.49710466e-05,8.50000000e-05,6.98039589e-16,8.50000000e-05,6.42426594e-16,8.50000000e-05,4.65604918e-17,8.50000000e-05,-2.95445937e-16,8.50000000e-05,4.05926608e-16,8.50000000e-05,3.79482547e-17,8.50000000e-05,5.44806555e-06,8.50000000e-05,2.16912446e-01,8.50000000e-05,8.94520681e-01,8.50000000e-05,2.13951928e+00,8.50000000e-05,2.13951947e+00,8.50000000e-05,1.83551389e+05,8.50000000e-05,7.17256226e+10,8.50000000e-05,1.14154874e+10,8.50000000e-05,5.89228050e-01,1.00,.500u,ihp-sg13g2
9.00000000e-05,4.94963544e-05,9.00000000e-05,8.99631733e-05,9.00000000e-05,6.98198980e-16,9.00000000e-05,6.42561259e-16,9.00000000e-05,4.68961624e-17,9.00000000e-05,-2.95220644e-16,9.00000000e-05,4.05995442e-16,9.00000000e-05,3.82100688e-17,9.00000000e-05,5.52968376e-06,9.00000000e-05,2.16912445e-01,9.00000000e-05,9.30745248e-01,9.00000000e-05,2.22994109e+00,9.00000000e-05,2.22994133e+00,9.00000000e-05,1.80842168e+05,9.00000000e-05,7.08914734e+10,9.00000000e-05,1.12827284e+10,9.00000000e-05,5.50184622e-01,1.00,.500u,ihp-sg13g2
9.50000000e-05,4.88927654e-05,9.50000000e-05,9.49524212e-05,9.50000000e-05,6.98142190e-16,9.50000000e-05,6.42454308e-16,9.50000000e-05,4.72149172e-17,9.50000000e-05,-2.94858267e-16,9.50000000e-05,4.05941556e-16,9.50000000e-05,3.84561942e-17,9.50000000e-05,5.62178412e-06,9.50000000e-05,2.16912444e-01,9.50000000e-05,9.67114035e-01,9.50000000e-05,2.32119945e+00,9.50000000e-05,2.32119975e+00,9.50000000e-05,1.77879474e+05,9.50000000e-05,7.00326754e+10,9.50000000e-05,1.11460465e+10,9.50000000e-05,5.14918575e-01,1.00,.500u,ihp-sg13g2
1.00000000e-04,4.82590132e-05,1.00000000e-04,9.99611815e-05,1.00000000e-04,6.97894387e-16,1.00000000e-04,6.42131588e-16,1.00000000e-04,4.75205736e-17,1.00000000e-04,-2.94373749e-16,1.00000000e-04,4.05776499e-16,1.00000000e-04,3.86898068e-17,1.00000000e-04,5.73124468e-06,1.00000000e-04,2.16912443e-01,1.00000000e-04,1.00381114e+00,1.00000000e-04,2.41378167e+00,1.00000000e-04,2.41378205e+00,1.00000000e-04,1.74482168e+05,1.00000000e-04,6.91494502e+10,1.00000000e-04,1.10054768e+10,1.00000000e-04,4.82777539e-01,1.00,.500u,ihp-sg13g2
1.50000000e-04,4.10409254e-05,1.50000000e-04,1.48736429e-04,1.50000000e-04,6.88953586e-16,1.50000000e-04,6.31348981e-16,1.50000000e-04,5.00291514e-17,1.50000000e-04,-2.85611231e-16,1.50000000e-04,4.00012308e-16,1.50000000e-04,4.05103053e-17,1.50000000e-04,9.79133130e-06,1.50000000e-04,2.16912438e-01,1.50000000e-04,1.37421199e+00,1.50000000e-04,3.37750674e+00,1.50000000e-04,3.37750810e+00,1.50000000e-04,1.02131158e+05,1.50000000e-04,5.95699423e+10,1.50000000e-04,9.48085078e+09,1.50000000e-04,2.75930555e-01,1.00,.500u,ihp-sg13g2
2.00000000e-04,3.27721339e-05,2.00000000e-04,1.90555705e-04,2.00000000e-04,6.76253216e-16,2.00000000e-04,6.15763529e-16,2.00000000e-04,5.17957508e-17,2.00000000e-04,-2.75187460e-16,2.00000000e-04,3.91242731e-16,2.00000000e-04,4.16844133e-17,2.00000000e-04,2.56165635e-05,2.00000000e-04,2.16912436e-01,2.00000000e-04,1.71691627e+00,2.00000000e-04,4.31407121e+00,2.00000000e-04,4.31407238e+00,2.00000000e-04,3.90372425e+04,2.00000000e-04,4.84613354e+10,2.00000000e-04,7.71286108e+09,2.00000000e-04,1.71981909e-01,1.00,.500u,ihp-sg13g2
2.50000000e-04,2.44564266e-05,2.50000000e-04,2.20857297e-04,2.50000000e-04,6.65722320e-16,2.50000000e-04,6.02544647e-16,2.50000000e-04,5.29283564e-17,2.50000000e-04,-2.67024952e-16,2.50000000e-04,3.83513397e-16,2.50000000e-04,4.23883927e-17,2.50000000e-04,5.20222412e-05,2.50000000e-04,2.16912434e-01,2.50000000e-04,1.98377803e+00,2.50000000e-04,5.06877784e+00,2.50000000e-04,5.06877910e+00,2.50000000e-04,1.92225474e+04,2.50000000e-04,3.67366781e+10,2.50000000e-04,5.84682392e+09,2.50000000e-04,1.10734066e-01,1.00,.500u,ihp-sg13g2
3.00000000e-04,1.69121797e-05,3.00000000e-04,2.42234577e-04,3.00000000e-04,6.57903703e-16,3.00000000e-04,5.92571717e-16,3.00000000e-04,5.36585939e-17,3.00000000e-04,-2.61153136e-16,3.00000000e-04,3.77533495e-16,3.00000000e-04,4.28202016e-17,3.00000000e-04,8.14035377e-05,3.00000000e-04,2.16912433e-01,3.00000000e-04,2.18293208e+00,3.00000000e-04,5.64423976e+00,3.00000000e-04,5.64424108e+00,3.00000000e-04,1.22844784e+04,3.00000000e-04,2.57061627e+10,3.00000000e-04,4.09126287e+09,3.00000000e-04,6.98173640e-02,1.00,.500u,ihp-sg13g2
3.50000000e-04,1.01696683e-05,3.50000000e-04,2.58300403e-04,3.50000000e-04,6.51880224e-16,3.50000000e-04,5.84802840e-16,3.50000000e-04,5.41696527e-17,3.50000000e-04,-2.56723018e-16,3.50000000e-04,3.72795978e-16,3.50000000e-04,4.31108198e-17,3.50000000e-04,1.10401359e-04,3.50000000e-04,2.16912433e-01,3.50000000e-04,2.33913106e+00,3.50000000e-04,6.10197449e+00,3.50000000e-04,6.10197585e+00,3.50000000e-04,9.05785950e+03,3.50000000e-04,1.56005167e+10,3.50000000e-04,2.48289935e+09,3.50000000e-04,3.93714769e-02,1.00,.500u,ihp-sg13g2
4.00000000e-04,4.08971919e-06,4.00000000e-04,2.71097408e-04,4.00000000e-04,6.47011652e-16,4.00000000e-04,5.78471971e-16,4.00000000e-04,5.45530159e-17,4.00000000e-04,-2.53197213e-16,4.00000000e-04,3.68888023e-16,4.00000000e-04,4.33217482e-17,4.00000000e-04,1.38116884e-04,4.00000000e-04,2.16912432e-01,4.00000000e-04,2.46783249e+00,4.00000000e-04,6.48293437e+00,4.00000000e-04,6.48293576e+00,4.00000000e-04,7.24024441e+03,4.00000000e-04,6.32093592e+09,4.00000000e-04,1.00600820e+09,4.00000000e-04,1.50857923e-02,1.00,.500u,ihp-sg13g2
4.50000000e-04,-1.45598384e-06,4.50000000e-04,2.81727563e-04,4.50000000e-04,6.42927698e-16,4.50000000e-04,5.73127397e-16,4.50000000e-04,5.48551010e-17,4.50000000e-04,-2.50275620e-16,4.50000000e-04,3.65557811e-16,4.50000000e-04,4.34831465e-17,4.50000000e-04,1.64396983e-04,4.50000000e-04,2.16912432e-01,4.50000000e-04,2.57777708e+00,4.50000000e-04,6.81087986e+00,4.50000000e-04,6.81088129e+00,4.50000000e-04,6.08283668e+03,4.50000000e-04,-2.26461521e+09,4.50000000e-04,-3.60424705e+08,4.50000000e-04,-5.16805607e-03,1.00,.500u,ihp-sg13g2
5.00000000e-04,-6.56801866e-06,5.00000000e-04,2.90831286e-04,5.00000000e-04,6.39405219e-16,5.00000000e-04,5.68493613e-16,5.00000000e-04,5.51017548e-17,5.00000000e-04,-2.47781128e-16,5.00000000e-04,3.62648632e-16,5.00000000e-04,4.36114050e-17,5.00000000e-04,1.89312994e-04,5.00000000e-04,2.16912432e-01,5.00000000e-04,2.67421237e+00,5.00000000e-04,7.10030466e+00,5.00000000e-04,7.10030611e+00,5.00000000e-04,5.28225759e+03,5.00000000e-04,-1.02720755e+10,5.00000000e-04,-1.63485159e+09,5.00000000e-04,-2.25836043e-02,1.00,.500u,ihp-sg13g2
5.50000000e-04,-1.13223520e-05,5.50000000e-04,2.98806486e-04,5.50000000e-04,6.36302449e-16,5.50000000e-04,5.64394116e-16,5.50000000e-04,5.53085277e-17,5.50000000e-04,-2.45602817e-16,5.50000000e-04,3.60058704e-16,5.50000000e-04,4.37162026e-17,5.50000000e-04,2.12991833e-04,5.50000000e-04,2.16912431e-01,5.50000000e-04,2.76047798e+00,5.50000000e-04,7.36053402e+00,5.50000000e-04,7.36053549e+00,5.50000000e-04,4.69501571e+03,5.50000000e-04,-1.77939783e+10,5.50000000e-04,-2.83199961e+09,5.50000000e-04,-3.78919218e-02,1.00,.500u,ihp-sg13g2
6.00000000e-04,-1.57765506e-05,6.00000000e-04,3.05914896e-04,6.00000000e-04,6.33524717e-16,6.00000000e-04,5.60710283e-16,6.00000000e-04,5.54853874e-17,6.00000000e-04,-2.43667408e-16,6.00000000e-04,3.57718924e-16,6.00000000e-04,4.38036500e-17,6.00000000e-04,2.35563407e-04,6.00000000e-04,2.16912431e-01,6.00000000e-04,2.83881231e+00,6.00000000e-04,7.59786917e+00,6.00000000e-04,7.59787065e+00,6.00000000e-04,4.24514152e+03,6.00000000e-04,-2.49028178e+10,6.00000000e-04,-3.96340655e+09,6.00000000e-04,-5.15716979e-02,1.00,.500u,ihp-sg13g2
6.50000000e-04,-1.99749278e-05,6.50000000e-04,3.12336997e-04,6.50000000e-04,6.31006011e-16,6.50000000e-04,5.57358981e-16,6.50000000e-04,5.56390596e-17,6.50000000e-04,-2.41924241e-16,6.50000000e-04,3.55580465e-16,6.50000000e-04,4.38778178e-17,6.50000000e-04,2.57145470e-04,6.50000000e-04,2.16912431e-01,6.50000000e-04,2.91078303e+00,6.50000000e-04,7.81675136e+00,6.50000000e-04,7.81675286e+00,6.50000000e-04,3.88884938e+03,6.50000000e-04,-3.16556854e+10,6.50000000e-04,-5.03815881e+09,6.50000000e-04,-6.39531274e-02,1.00,.500u,ihp-sg13g2
7.00000000e-04,-2.40926793e-05,7.00000000e-04,3.18405719e-04,7.00000000e-04,6.28618405e-16,7.00000000e-04,5.54172680e-16,7.00000000e-04,5.57788802e-17,7.00000000e-04,-2.40281946e-16,7.00000000e-04,3.53538842e-16,7.00000000e-04,4.39436803e-17,7.00000000e-04,2.78575583e-04,7.00000000e-04,2.16912431e-01,7.00000000e-04,2.97986283e+00,7.00000000e-04,8.02755713e+00,7.00000000e-04,8.02755865e+00,7.00000000e-04,3.58969006e+03,7.00000000e-04,-3.83263982e+10,7.00000000e-04,-6.09983573e+09,7.00000000e-04,-7.56666036e-02,1.00,.500u,ihp-sg13g2
7.50000000e-04,-2.78474309e-05,7.50000000e-04,3.23762725e-04,7.50000000e-04,6.26505088e-16,7.50000000e-04,5.51344906e-16,7.50000000e-04,5.58979003e-17,7.50000000e-04,-2.38836410e-16,7.50000000e-04,3.51720251e-16,7.50000000e-04,4.39984046e-17,7.50000000e-04,2.98324818e-04,7.50000000e-04,2.16912431e-01,7.50000000e-04,3.04172155e+00,7.50000000e-04,8.21690038e+00,7.50000000e-04,8.21690191e+00,7.50000000e-04,3.35205098e+03,7.50000000e-04,-4.44488504e+10,7.50000000e-04,-7.07425426e+09,7.50000000e-04,-8.60118500e-02,1.00,.500u,ihp-sg13g2
8.00000000e-04,-3.14470700e-05,8.00000000e-04,3.28755985e-04,8.00000000e-04,6.24530664e-16,8.00000000e-04,5.48696721e-16,8.00000000e-04,5.60050868e-17,8.00000000e-04,-2.37492640e-16,8.00000000e-04,3.50011607e-16,8.00000000e-04,4.40465282e-17,8.00000000e-04,3.17431412e-04,8.00000000e-04,2.16912431e-01,8.00000000e-04,3.10013650e+00,8.00000000e-04,8.39618378e+00,8.00000000e-04,8.39618532e+00,8.00000000e-04,3.15028684e+03,8.00000000e-04,-5.03531240e+10,8.00000000e-04,-8.01394859e+09,8.00000000e-04,-9.56547454e-02,1.00,.500u,ihp-sg13g2
8.50000000e-04,-3.48962433e-05,8.50000000e-04,3.33421549e-04,8.50000000e-04,6.22681971e-16,8.50000000e-04,5.46211777e-16,8.50000000e-04,5.61019407e-17,8.50000000e-04,-2.36240274e-16,8.50000000e-04,3.48403528e-16,8.50000000e-04,4.40889770e-17,8.50000000e-04,3.35888415e-04,8.50000000e-04,2.16912431e-01,8.50000000e-04,3.15538800e+00,8.50000000e-04,8.56617540e+00,8.50000000e-04,8.56617696e+00,8.50000000e-04,2.97717919e+03,8.50000000e-04,-5.60418398e+10,8.50000000e-04,-8.91933582e+09,8.50000000e-04,-1.04661031e-01,1.00,.500u,ihp-sg13g2
9.00000000e-04,-3.82106154e-05,9.00000000e-04,3.37804263e-04,9.00000000e-04,6.20942097e-16,9.00000000e-04,5.43868406e-16,9.00000000e-04,5.61899994e-17,9.00000000e-04,-2.35066711e-16,9.00000000e-04,3.46882947e-16,9.00000000e-04,4.41266370e-17,9.00000000e-04,3.53753724e-04,9.00000000e-04,2.16912431e-01,9.00000000e-04,3.20788830e+00,9.00000000e-04,8.72806795e+00,9.00000000e-04,8.72806951e+00,9.00000000e-04,2.82682537e+03,9.00000000e-04,-6.15365194e+10,9.00000000e-04,-9.79384124e+09,9.00000000e-04,-1.13114663e-01,1.00,.500u,ihp-sg13g2
9.50000000e-04,-4.14027484e-05,9.50000000e-04,3.41939462e-04,9.50000000e-04,6.19297685e-16,9.50000000e-04,5.41649482e-16,9.50000000e-04,5.62704715e-17,9.50000000e-04,-2.33962012e-16,9.50000000e-04,3.45439515e-16,9.50000000e-04,4.41602025e-17,9.50000000e-04,3.71074065e-04,9.50000000e-04,2.16912430e-01,9.50000000e-04,3.25796242e+00,9.50000000e-04,8.88280235e+00,9.50000000e-04,8.88280393e+00,9.50000000e-04,2.69487980e+03,9.50000000e-04,-6.68543569e+10,9.50000000e-04,-1.06402014e+10,9.50000000e-04,-1.21082101e-01,1.00,.500u,ihp-sg13g2
